
dt=0.004   nt=1001
fz=0 nz=301 dz=10
fx=0 nx=618 dx=50
fxo=0 nxo=618 dxo=50
fzo=0 nzo=301 dzo=10
fxs=50 nxs=517 dxs=50
aperx=26000
fa=-85 na=86 da=2 amax=90
fac=0.01 ms=10 ek=1 npv=0
jpfile=jpfile.ray
tfile=tfile_vana01_nearest
